                0.394932                -0.585014                 0.599104                 0.455614                -0.038817                 0.077402                 0.550622                -0.109948                 0.512435                 0.561125 
               -0.126012                 0.906105                -0.506990                -0.087231                 0.309399                -0.361311                 0.645262                -0.276814                 0.036756                 0.240137 
                0.130384                -0.245653                 0.688583                -0.524375                -0.184851                -0.367166                 0.708859                 0.747422                -0.191095                 0.061441 
               -0.801612                -0.176116                 0.523950                -0.252710                 0.071888                 0.250336                -0.193311                -0.090962                -0.056507                 0.619818 
                0.096076                -0.110862                -0.571994                -0.612723                -0.588178                 0.615765                 0.405727                 0.045499                 0.343960                -0.073432 
                0.335717                -0.395681                -0.417335                -0.232478                 0.788152                 0.200222                -0.022977                -0.094996                -0.454330                 0.569012 
                0.477944                 0.760080                -0.213733                 0.276807                -0.543266                 0.633802                 0.335452                 0.196362                -0.830768                 0.154578 
                0.554641                -0.043207                 0.227309                -0.650999                -0.027903                 0.183657                -0.055718                -1.051880                -0.560777                -0.034479 
                0.504468                -0.123221                 0.230110                -0.332213                -0.328476                -0.421258                -0.543390                 0.394443                 0.296288                 0.786916 
                0.277566                 0.658947                 0.406713                -0.189549                 0.898225                 0.569589                -0.024660                 0.215590                 0.382230                -0.072047 
