                0.527694                 0.026971                -0.507919                 0.723413                 0.988574                 0.302095                -0.040347                 0.704694                -0.209169                 0.609194 
                0.103017                -1.373377                 0.066904                 0.115809                 0.007305                 0.266317                 0.212451                -0.522525                 0.141125                 0.263718 
                0.030468                -0.151955                -0.741393                 0.177770                -0.811128                 0.141524                -0.199642                 0.678819                 0.077234                -0.591702 
               -0.447162                 0.333088                -0.053989                 0.102636                -0.501302                 0.960768                -0.138178                 0.078476                -0.020194                 0.636376 
               -0.339550                -0.046931                -0.374389                -0.579497                 0.570814                 0.662510                -0.039684                 0.029771                -0.567224                -0.819155 
               -0.246466                -0.553229                 0.243850                -0.221523                 0.589273                 0.292765                -0.734674                 0.173670                 1.234907                -0.304976 
               -0.257628                 0.357706                 0.648639                 0.417186                -0.037561                -0.140187                 1.095583                 0.533770                 0.483633                -0.611325 
                0.806078                 0.524579                 0.347980                -0.496807                -0.114054                 0.793285                 0.182972                -0.227187                 0.460727                 0.024102 
                0.344422                -0.061868                 0.929541                 0.118235                -0.401979                -0.370643                -0.870180                 0.487982                -0.531655                -0.010460 
               -0.242138                -0.011307                -0.130912                 1.127035                 0.091366                 0.129876                -0.103129                -0.935291                 0.087993                -0.212956 
               -0.072815                 0.621112                 0.243205                 0.232026                 0.229228                -0.756739                 0.484102                -0.393102                 0.463894                 0.744523 
                0.166580                -0.072669                -0.796610                 0.045168                -0.050070                 0.149282                 0.809555                 0.667553                 0.824954                 0.051037 
                0.203906                -0.024918                 0.534918                -1.149435                -0.111886                 0.376633                -0.261061                 0.042553                -0.360488                 0.457937 
               -0.098101                -0.165671                -0.786686                -0.365672                -0.531128                -0.054126                 0.037489                -0.842108                 0.594179                 0.452135 
                0.014617                 0.112031                -0.662025                -0.128881                 0.055596                 0.135156                 0.492599                 0.030233                -1.051126                 0.443204 
                0.177907                 0.513923                -0.082885                -0.244392                -0.343247                -0.122228                 0.484266                 0.132649                 0.036558                -0.849962 
                1.059795                -0.161397                 0.337996                 0.303382                -0.575596                 0.164761                 0.554284                -0.250572                -0.221139                 0.242410 
               -0.898795                 0.185052                 0.144072                 0.337343                -0.853204                 0.678394                 0.368476                 0.489162                -0.166902                 0.029843 
                0.585346                 0.430654                -0.662167                 0.130032                -0.419772                -0.080026                -0.597852                 0.429991                -0.337190                 0.396141 
               -0.171060                 0.650246                -0.635604                 0.044100                 0.561931                 1.009325                -0.385243                -0.303084                 0.408771                 0.175559 
                0.339044                 0.232874                 0.567225                 0.263167                 0.529226                 0.186008                 0.120367                 0.229400                 0.234026                 0.057078 
               -0.105868                 0.402014                -0.029020                 0.216881                -0.511721                 0.457286                 0.530929                 0.112025                -0.036667                 0.112016 
               -0.128932                -0.484375                 0.327759                 0.560841                -0.211992                -0.000216                -0.152469                -0.142555                -0.170169                 0.457517 
                0.530735                -0.460269                 0.054357                -0.110807                -0.270704                -0.160296                 0.464806                -0.158764                 0.368318                -0.123918 
                0.522584                -0.004019                 0.015113                -0.404918                -0.153017                 0.486769                -0.370074                -0.046151                -0.222003                 0.337599 
               -0.048525                -0.140384                -0.527212                -0.014311                 0.287226                 0.006407                 0.169214                 0.302455                 0.311524                 0.632520 
               -0.117914                -0.030453                 0.404030                -0.435621                -0.159772                -0.387846                 0.200207                 0.527550                -0.294067                 0.226595 
                0.267491                -0.223321                -0.261873                 0.347395                -0.123609                 0.068422                -0.189076                 0.681108                -0.175603                -0.372639 
               -0.042757                -0.332224                -0.091848                -0.067706                 0.438958                 0.277771                 0.462132                -0.133950                -0.598805                -0.121907 
                0.461308                 0.395970                -0.220450                 0.278727                 0.020874                -0.511222                 0.096683                -0.188493                -0.396308                 0.200985 
                0.180427                 0.298711                 0.090024                 0.323786                 0.555811                 0.192666                 0.257856                 0.570467                 0.002814                 0.165226 
                0.593281                -0.321667                 0.179141                 0.328801                 0.117140                 0.196156                -0.186807                -0.300524                 0.463550                -0.109804 
               -0.076068                 0.509640                 0.525301                -0.435608                 0.000610                 0.146913                -0.001783                -0.185667                 0.419157                 0.192440 
                0.016804                -0.438185                 0.216918                -0.213887                -0.351407                -0.067079                 0.453949                 0.501855                 0.341299                -0.111851 
               -0.250957                 0.153052                -0.141254                 0.511212                -0.557081                 0.359555                -0.070199                 0.076985                 0.216627                 0.367294 
               -0.484795                -0.560352                 0.154009                -0.104435                 0.388823                 0.357267                -0.140217                -0.052521                -0.013500                 0.339013 
               -0.478863                 0.055161                -0.083557                 0.346856                 0.259012                -0.367904                 0.344026                -0.276848                 0.429563                -0.241647 
                0.197881                 0.007933                -0.614895                -0.318548                 0.081814                 0.315843                 0.489201                -0.260320                 0.141571                 0.218252 
                0.141725                -0.090625                 0.423984                 0.232102                -0.120077                -0.142423                 0.510940                -0.363341                -0.427089                 0.357609 
                0.151122                -0.082611                -0.168220                -0.060439                 0.064363                -0.621294                -0.221857                 0.113177                 0.242599                 0.653723 
               -0.601844                 0.187221                -0.027256                 0.086141                 0.847155                -0.319669                -0.037287                 0.693968                 0.965079                -0.216481 
                0.056962                 0.662767                 0.550040                 0.640531                -0.166287                -0.207026                 0.569847                 0.354611                -0.387083                 0.488544 
                0.173245                 0.282515                 0.218653                 0.718386                 0.592879                -0.360729                -0.686890                -0.657981                -0.191143                 0.236243 
                0.731682                -0.094119                 0.762940                -0.166698                -0.100828                -0.205143                -0.324967                -0.044841                 0.816737                -0.059785 
                0.225839                 0.215064                 0.383259                 0.430890                -0.323240                 0.441001                 0.002799                 0.320693                 0.039159                -0.949040 
                0.457235                -0.316400                -0.032065                 0.043341                 0.996680                 0.770910                 0.583947                 0.360793                -0.137367                -0.043086 
                0.584080                 0.466790                -0.634148                -0.309031                 0.384664                -0.252857                 0.405811                 0.424281                -0.186443                -0.509370 
                0.194187                -0.882088                -0.619687                 0.162056                -0.086994                -0.264037                 0.555132                -0.785992                 0.548309                -0.314273 
                0.192552                 0.714504                -0.120790                -0.361167                -0.644918                 0.831016                 0.467452                -0.551918                 0.288553                -0.145325 
               -0.399344                 0.328760                 0.753924                -0.591102                 0.304794                -0.262015                 0.321314                -0.126779                -0.546289                -0.799415 
