               -0.397322                 0.482398                 0.217390                 0.970239                -0.440369                 0.068591                 0.633052                 0.391246                 0.118310                 0.301619 
               -0.213030                 0.252843                 0.340128                -0.575001                 1.134583                 0.105486                 0.755556                 0.793366                 0.470997                -0.146579 
               -0.218698                 0.057043                 0.597779                -0.340517                -0.424641                 0.513077                -0.373989                -0.538104                 0.586940                -0.709686 
               -0.659681                 0.414689                -0.821649                 0.480765                 0.674887                -0.212740                -0.413860                -0.213483                 0.056393                 0.080389 
               -0.286450                 0.328127                 0.241877                 0.002211                 0.486314                -0.310782                -0.354870                 0.360138                -0.723951                -0.781588 
               -0.284882                 0.763370                -0.328160                -0.245520                -0.559381                 0.667053                 0.129239                 0.457314                -0.185512                 0.281404 
               -0.282100                -0.137727                 0.529337                -0.180620                -0.210495                -0.113191                -0.478095                 0.197727                 0.260607                 0.887814 
               -0.073505                -1.200451                 0.020996                 0.320746                 0.017519                 0.626019                -0.262713                 0.415914                 0.192747                 0.190162 
                0.393980                 0.354121                 0.260339                 0.682847                 0.579947                 0.539440                 0.115682                -0.499640                -0.326641                 0.507094 
               -1.294982                -0.263425                -0.073749                -0.295220                -0.283810                -0.070853                 0.351282                -0.348103                -0.706116                 0.396796 
                0.698018                 0.325532                 0.204447                 0.375410                 0.125056                 0.391262                 0.177060                 0.020941                 0.047330                 0.145999 
               -0.094611                -0.031946                 0.143992                -0.192018                 0.173849                -0.131791                 0.518496                 0.407025                 0.660491                 0.118640 
               -0.379056                 0.564772                -0.344059                 0.471117                -0.236907                -0.057353                 0.111365                -0.212611                 0.282389                -0.016085 
               -0.031829                -0.209728                -0.278837                 0.376550                 0.569334                -0.304959                -0.126641                 0.029999                -0.071980                 0.544244 
               -0.434345                -0.259842                 0.394180                 0.319065                 0.336905                 0.341280                 0.323336                -0.289875                -0.122326                -0.230503 
               -0.349637                 0.217500                 0.059214                -0.036890                 0.148713                 0.537283                -0.484102                 0.511240                 0.046487                 0.130040 
               -0.175530                -0.039168                 0.045860                 0.049537                -0.452645                 0.078841                 0.434345                 0.271158                -0.486246                 0.503365 
               -0.080491                 0.543977                -0.091542                -0.531051                 0.445674                 0.010672                 0.240877                -0.223162                -0.303183                 0.093452 
               -0.049906                 0.337083                 0.535718                 0.224162                 0.071724                -0.563953                -0.112091                 0.320563                -0.243788                -0.220674 
               -0.091875                 0.064510                 0.533835                -0.143438                -0.172027                -0.061144                -0.270609                -0.465088                 0.267721                 0.536004 
                0.559919                -0.528095                 0.575169                -0.322659                 0.469996                 0.172059                 0.078897                 0.213386                 0.075686                 0.514382 
               -0.073070                -0.134126                -0.548967                 0.563532                 0.181306                -0.263569                 0.711012                 0.456132                -0.471027                 0.542781 
                0.946014                -0.107022                 0.034435                -0.144166                -1.252934                -0.333456                -0.073275                 0.095398                 0.191250                 0.331885 
               -0.217436                -0.358303                -0.253746                 0.217832                 0.536087                -0.502726                -0.506462                 0.182209                 0.935032                 0.235709 
                0.168376                 0.669684                 0.614668                -0.094267                -0.350663                -0.477306                -0.349764                 0.855420                -0.629318                 0.129317 
                0.413018                 0.418674                -0.750026                -0.230691                 0.233088                 0.523316                -0.122291                 0.710558                 0.115281                -0.081013 
                0.378750                -0.068414                -0.421409                 0.521542                 0.193186                 0.260472                -0.940117                -0.014362                -0.641539                 0.475201 
               -0.051740                -0.538279                -0.410250                -0.499928                 0.150968                -0.475266                -0.177980                 0.272963                -0.532918                -0.403949 
               -0.628931                -0.451626                -0.233791                -0.572565                -0.208624                 0.465367                -0.188107                 0.127884                 0.350601                 0.677897 
               -0.359132                -0.578231                 0.260521                 0.634656                -0.108108                 0.503467                 0.113859                 0.246894                -0.213184                -0.652685 
