                0.503242                 0.291637                 0.323047                 0.216659                 0.161232                 0.109027                 0.019199                 0.359456                 0.435613                 0.391378 
               -0.330701                -0.195355                 0.132806                 0.029251                 0.236870                 0.115951                 0.691046                -0.082078                 0.493128                -0.192282 
               -0.190407                -0.077343                -0.187050                 0.607315                 0.533465                 0.372244                -0.073746                 0.054138                -0.329467                 0.117794 
                0.252110                 0.577500                -0.271222                 0.385374                -0.263540                 0.071621                 0.260686                -0.280466                -0.009966                -0.399449 
               -0.040384                -0.100351                -0.318326                 0.189448                 0.187505                -0.282142                -0.492069                -0.361431                 0.602285                -0.028337 
               -0.005075                 0.275935                -0.295421                -0.395741                 0.164785                 0.202152                 0.194469                -0.465594                -0.035071                 0.596744 
               -0.203756                -0.085947                 0.567041                 0.364002                -0.400438                 0.083450                -0.082364                -0.491271                -0.027748                 0.284337 
                0.366436                -0.569747                -0.352734                 0.056740                -0.398155                 0.475854                 0.062648                 0.014461                 0.135724                 0.077164 
               -0.523249                 0.187034                -0.345778                 0.190653                -0.423850                -0.129772                 0.066294                 0.432966                 0.155000                 0.350640 
               -0.293824                 0.290011                 0.123814                -0.265124                -0.054952                 0.678427                -0.391966                 0.077693                 0.226330                -0.264120 
                0.531765                 0.329831                 0.199915                 0.152484                 0.478872                 0.436750                 0.206897                 0.121621                 0.259909                 0.000080 
               -0.158287                -0.324001                 0.032808                -0.046897                 0.469026                -0.354003                 0.159884                 0.463225                 0.123804                 0.515675 
               -0.182690                 0.215424                 0.227579                -0.088187                -0.481473                 0.410518                 0.247392                 0.479955                -0.247269                 0.328032 
               -0.226918                 0.152671                 0.541653                 0.576999                 0.106028                -0.065620                -0.352420                -0.236249                -0.178696                 0.267190 
               -0.036345                 0.055108                 0.341590                 0.121741                -0.212862                -0.281845                -0.184488                 0.512175                 0.443412                -0.496405 
               -0.115084                 0.292269                -0.285695                 0.439381                -0.261497                -0.248498                 0.509199                -0.188202                 0.408573                 0.186788 
               -0.484904                -0.179447                -0.061858                -0.098517                 0.051580                 0.528873                -0.235924                -0.136623                 0.593154                 0.103006 
               -0.309101                 0.478390                 0.362293                -0.575735                 0.194619                -0.232293                 0.218651                -0.256802                 0.062326                -0.058266 
               -0.508717                 0.175607                -0.294944                 0.272321                 0.390540                 0.148523                 0.160964                 0.232859                -0.321026                -0.437547 
                0.057176                 0.579797                -0.439771                -0.103110                 0.029804                -0.119108                -0.568798                 0.218817                 0.041541                 0.261389 
                0.282368                 0.263359                 0.479554                 0.443492                 0.243576                 0.138855                 0.328311                 0.149942                 0.348551                 0.306405 
                0.365755                -0.361712                -0.417631                -0.089065                 0.294866                -0.230393                -0.027472                 0.556850                 0.061165                 0.313743 
               -0.052010                 0.376691                -0.075080                -0.080140                -0.290918                 0.547066                -0.444411                 0.495118                 0.047964                 0.120341 
                0.224151                -0.469725                -0.163972                 0.083002                -0.362869                 0.453129                 0.314231                -0.015875                 0.377608                -0.341698 
               -0.639908                 0.008168                -0.359169                 0.243166                 0.325956                 0.290797                 0.408191                 0.149032                -0.141215                 0.052299 
               -0.050940                 0.004936                -0.012871                -0.634626                -0.055106                 0.211823                 0.270051                -0.299050                 0.166202                 0.597142 
                0.239517                -0.231570                 0.307826                -0.225178                 0.508335                 0.493092                -0.091631                -0.028223                -0.444680                -0.187261 
                0.187350                 0.531206                -0.292531                -0.337426                 0.355571                -0.036851                 0.149316                -0.016257                 0.328331                -0.474489 
                0.003619                 0.104860                 0.280152                -0.293643                -0.326293                -0.185109                 0.537572                 0.487033                -0.358150                -0.170563 
                0.478522                 0.300628                -0.418454                 0.263445                -0.191914                 0.121805                 0.189716                -0.268585                -0.498503                 0.166824 
                0.393431                 0.092401                -0.210369                -0.191313                 0.563654                 0.864241                 0.754479                -0.486323                -0.467933                 0.480814 
                0.503447                -0.035511                 0.025204                -0.291282                 0.541072                 0.410871                -0.728733                 0.764573                 0.639690                -0.232775 
               -0.547739                -0.725803                -0.277592                -0.508878                 0.310868                 0.379600                 0.072523                 0.154175                -0.347165                 0.289369 
                0.711915                -1.277471                 0.258170                -0.098426                -0.589676                 0.329458                 0.458590                 0.396992                 0.282566                -0.187638 
               -0.606957                -0.688859                 0.668422                 1.201046                 0.351829                 0.263680                 0.004922                -0.120422                -0.232197                -0.186760 
                0.307659                -0.214644                 0.533904                -0.551745                 0.116679                -0.324082                -0.588337                -0.604961                 0.072585                -0.033087 
                0.518370                -0.176966                -0.530528                 0.270251                 0.189579                -0.726255                 0.223317                 0.364093                -0.253014                 0.514795 
                0.291236                 0.122862                 0.054898                -0.033247                -0.574923                 0.115875                -0.702933                 0.796876                -0.840905                 0.275167 
               -0.251590                 0.280316                 0.775257                -0.253740                -0.274187                -0.246948                -0.134923                 0.137808                 0.388940                 0.820812 
               -0.024243                -0.227508                -0.350846                 0.437456                -0.181031                 0.196289                -0.648741                -0.554932                 0.779189                 0.202165 
                0.157459                 0.205887                 0.522684                 0.055043                 0.506260                 0.103044                 0.135365                 0.452515                 0.391851                 0.114152 
               -0.207775                -0.237738                -0.192323                -0.025378                 0.448538                 0.648326                -0.191944                 0.177118                -0.415640                -0.013975 
                0.212965                 0.350151                -0.363823                 0.337481                -0.016421                 0.296326                 0.666821                -0.093334                -0.068906                 0.198976 
               -0.005517                 0.287759                -0.294548                -0.190869                -0.457825                 0.281451                -0.157659                 0.576794                 0.259198                -0.283592 
               -0.134035                -0.145609                 0.131265                 0.159031                -0.363383                 0.301842                -0.242230                -0.038200                 0.228431                 0.763440 
                0.384227                -0.041369                 0.388935                 0.545473                -0.307116                 0.065922                -0.162116                 0.186313                -0.449266                -0.200866 
                0.308439                 0.349435                 0.133300                -0.613895                -0.054734                -0.055012                -0.025322                 0.071028                -0.493428                 0.364616 
               -0.538361                 0.348023                -0.143625                 0.323106                 0.100683                -0.441456                -0.098428                 0.354616                -0.273989                 0.220205 
                0.563993                 0.016080                -0.487827                 0.179661                 0.294006                -0.201483                -0.480844                 0.023335                 0.152871                 0.171000 
                0.134167                -0.655196                -0.160667                -0.098123                -0.081863                -0.260907                 0.385785                 0.504919                -0.076380                 0.181368 
