                0.341000                 0.731029                 0.317794                 0.682806                -0.357768                -0.283196                 0.450559                 0.179870                 0.794492                -0.174687 
               -0.128909                 0.036428                 0.634555                -0.194699                -0.106677                -0.034589                 0.799824                -0.122041                -0.798925                -0.073526 
               -0.346802                 0.329111                 0.074029                -0.193849                -0.434083                 0.065287                 0.371303                 1.053374                 0.549114                 0.532533 
               -0.073763                 0.490117                -0.362274                 0.493554                -0.626449                -0.484650                -0.241967                 0.059963                -0.719277                 0.506735 
                0.029378                 0.005253                -0.023226                -0.490425                -0.161565                -0.043646                 0.107907                -0.712226                 0.205402                 0.845720 
               -0.353685                 0.168015                -0.764824                -0.726978                -0.416118                -0.577103                 0.475662                -0.180706                -0.069459                -0.628644 
                0.445996                 1.036309                -0.034761                -0.383024                 0.270063                 0.795308                -0.235941                 0.219084                -0.288884                 0.009247 
                0.174309                 0.026710                -0.404853                 0.598886                 0.774549                 0.643057                 0.680597                 0.168621                 0.048874                 0.210643 
                1.054860                -0.242008                -0.017930                -0.213661                -0.404517                 0.104756                 0.599850                 0.411779                -0.023401                 0.386477 
                0.252959                 0.221437                 0.167872                -0.165260                 1.237584                -0.561960                 0.212229                 0.184356                -0.590932                -0.049060 
