                0.021034                 0.261584                 0.485651                 0.776701                -0.708169                 0.577365                -0.797967                 0.398355                -0.156178                -0.344946 
                0.261020                 0.258659                 0.210691                -0.813783                 0.267241                -0.067086                -0.144027                 0.651012                 0.071257                 1.074273 
               -0.311144                 0.568546                 0.174843                 0.414431                -0.026999                -0.521969                 0.162726                 0.691829                 0.629823                -0.463148 
                0.775411                -0.595822                 0.659629                 0.088039                 0.550237                 0.179937                 0.202120                -0.184791                 0.225303                -0.545002 
               -0.394878                -0.583562                -0.611139                 0.714331                 0.272331                 0.688121                 0.134190                 0.060735                 0.617454                 0.040050 
                0.051508                -0.733838                 0.159088                -0.228221                -0.551424                -0.303141                -0.175428                 0.545259                 0.306215                -0.265324 
               -0.675659                 0.465085                -0.047070                -0.747703                 0.014675                 0.707116                -0.057776                -0.041846                 0.523591                -0.424228 
               -0.261814                -0.135723                -0.030467                -0.046530                 0.811453                -0.572000                -0.737485                 0.252620                 0.038463                -0.401143 
               -0.378889                -0.106336                 0.127229                -0.294674                 0.390475                 0.026419                 0.752270                 0.847978                -0.894553                -0.407500 
               -0.752360                -0.339830                 0.657006                -0.005860                 0.143468                -0.277829                -0.005674                -0.226788                 0.522272                 0.506995 
