                0.236926                 1.147351                 0.864161                -0.057183                 0.111706                 0.313978                -0.774424                 0.221949                 0.493508                 0.147590 
                0.377530                 0.229210                -0.853628                -0.076961                 0.777182                -0.291538                -0.121319                 0.781264                -0.330768                 0.543744 
               -0.308251                -0.675459                -0.432540                 0.612401                 0.280439                 0.420680                -0.346228                -0.288970                 0.290522                 0.492771 
               -0.552673                -0.247018                 0.607544                 0.772957                 0.220254                -0.263542                 0.381481                 0.398056                -0.262001                -0.429956 
               -0.279113                 0.165626                -0.111620                 0.359430                -0.909674                 0.047490                -0.471279                 0.473668                -0.427313                 0.242509 
               -1.166389                 0.302142                -0.549181                -0.667297                -0.138683                -0.230570                 0.613900                 0.477213                 0.617971                 0.030734 
                0.113442                -0.248051                 0.296269                -0.931914                 0.365960                 0.875759                 0.168676                 0.384723                -0.540559                 0.397575 
               -0.295010                 0.219013                -0.532093                -0.090185                 0.695394                 0.249403                -0.832257                -0.241688                -0.450016                -0.359313 
               -0.212624                 0.109304                 0.371022                -0.179199                -0.238139                -0.977803                -0.031375                -0.167815                -0.707183                 1.044958 
                0.433462                -0.959905                 0.601080                -0.574098                 0.253357                -0.498803                -0.308663                 0.735775                 0.456590                -0.332434 
